[logo_election.jpg]
filters=retouch=1;
moddate=000035b6ced60000
width=1100
height=111
textactive=0
[logo_election.1.jpg]
moddate=00009af9ced60000
width=1100
height=111
text=1;137;15;Vote for Change;Monaco;0.786301,0.691226,0.173950,5.856962;v1,4294967295,4278190080,128.000000,1.000000,0.000000,1.000000,400,0,49160;;
textactive=1
